


Network Architecture

Region: US East (N. Virginia) us-east-1a



VPC: 10.127.0.0/16 /1111111.11111111.0000000.00000000

public subnet:
us-east-1-A: 10.127.1.0/24  /11111111.11111111.11111111.00000000 
us-east-1-B: 10.127.2.0/24  /11111111.11111111.11111111.00000000 
us-east-1-C: 10.127.3.0/24  /11111111.11111111.11111111.00000000 

Private subnet:
us-east-1-A: 10.127.11.0/24 /11111111.11111111.11111111.00000000 
us-east-1-B: 10.127.12.0/24 /11111111.11111111.11111111.00000000 
us-east-1-C: 10.127.13.0/24 /11111111.11111111.11111111.00000000 

Private Subnet database:
us-east-1-A: 10.127.111.0/24 /11111111.11111111.11111111.00000000 
us-east-1-B: 10.127.112.0/24 /11111111.11111111.11111111.00000000 
us-east-1-C: 10.127.113.0/24 /11111111.11111111.11111111.00000000 